$ 4 0.000005 0.9891409633455756 50 5 50 5e-11
v 144 288 144 224 0 0 40 15 0 0 0.5
r 192 160 256 160 0 10
r 304 224 304 288 0 20
r 432 160 432 224 0 30
p 512 272 512 336 3 0 0
w 144 224 144 160 0
w 144 160 192 160 0
w 256 160 304 160 0
w 304 160 304 224 0
w 304 160 432 160 0
w 432 224 432 272 0
w 432 336 304 336 0
w 304 288 304 336 0
w 304 336 144 336 0
w 144 288 144 336 0
w 512 272 432 272 0
w 512 336 432 336 0
c 432 272 432 336 0 4 0 0
p 64 224 64 288 3 0 0
w 64 224 144 224 0
w 64 288 144 288 0
