$ 4 0.000005 10.20027730826997 50 5 50 5e-11
v 128 320 128 256 0 0 40 10 0 0 0.5
r 256 128 256 192 0 100
r 384 224 448 224 0 45
r 288 96 352 96 0 40
r 480 128 480 192 0 82
r 384 352 448 352 0 97
370 384 96 448 96 1 0 0
370 288 224 352 224 1 0 0
370 352 352 288 352 1 0 0
p 192 128 192 192 3 0 0
p 288 48 352 48 3 0 0
p 528 128 528 192 3 0 0
p 384 272 448 272 3 0 0
p 448 400 384 400 3 0 0
p 64 256 64 320 3 0 0
w 128 256 128 96 0
w 128 96 256 96 0
w 256 96 288 96 0
w 288 48 288 96 0
w 256 96 256 128 0
w 192 128 256 128 0
w 192 192 256 192 0
w 352 48 352 96 0
w 352 96 384 96 0
w 448 96 480 96 0
w 480 96 480 128 0
w 528 128 480 128 0
w 480 192 528 192 0
w 480 192 480 224 0
w 448 224 480 224 0
w 384 224 352 224 0
w 256 192 256 224 0
w 256 224 288 224 0
w 384 272 384 224 0
w 448 272 448 224 0
w 480 224 480 352 0
w 448 352 480 352 0
w 448 400 448 352 0
w 384 352 384 400 0
w 352 352 384 352 0
w 288 352 128 352 0
w 128 320 128 352 0
w 64 256 128 256 0
w 64 320 128 320 0
