$ 4 0.000005 10.20027730826997 50 5 50 5e-11
v -80 352 -80 288 0 0 40 9 0 0 0.5
r 0 288 0 352 0 85
p 48 288 48 352 3 0 0
r 128 352 128 288 0 40
r 256 352 256 288 0 125
p 176 288 176 352 3 0 0
p 304 288 304 352 3 0 0
w 0 288 48 288 0
w 0 352 48 352 0
w 128 288 176 288 0
w 128 352 176 352 0
w 256 288 304 288 0
w 256 352 304 352 0
p -144 288 -144 352 3 0 0
w -144 288 -80 288 0
w -144 352 -80 352 0
370 -80 256 -80 208 1 0 0
370 0 208 0 256 1 0 0
370 128 208 128 256 1 0 0
370 256 208 256 256 1 0 0
w -80 288 -80 256 0
w -80 208 -80 176 0
w -80 176 0 176 0
w 0 176 0 208 0
w 0 176 128 176 0
w 128 176 128 208 0
w 128 176 256 176 0
w 256 176 256 208 0
w 0 256 0 288 0
w -80 352 -80 384 0
w 0 352 0 384 0
w -80 384 0 384 0
w 128 256 128 288 0
w 256 256 256 288 0
w 128 352 128 384 0
w 256 352 256 384 0
w 256 384 128 384 0
w 128 384 0 384 0