$ 4 0.000005 10.20027730826997 50 5 50 5e-11
v -160 352 -160 288 0 0 40 11 0 0 0.5
r -80 288 -80 352 0 135
p -32 288 -32 352 3 0 0
r 128 352 128 288 0 82
r 256 352 256 288 0 95
p 176 288 176 352 3 0 0
p 304 288 304 352 3 0 0
w -80 288 -32 288 0
w -80 352 -32 352 0
w 128 288 176 288 0
w 128 352 176 352 0
w 256 288 304 288 0
w 256 352 304 352 0
p -224 288 -224 352 3 0 0
w -224 288 -160 288 0
w -224 352 -160 352 0
370 -160 256 -160 208 1 0 0
370 -80 208 -80 256 1 0 0
370 128 208 128 256 1 0 0
370 256 208 256 256 1 0 0
w -160 288 -160 256 0
w -160 208 -160 176 0
w -160 176 -80 176 0
w -80 176 -80 208 0
w 128 176 128 208 0
w 128 176 256 176 0
w 256 176 256 208 0
w -80 256 -80 288 0
w -160 352 -160 384 0
w -80 352 -80 384 0
w -160 384 -80 384 0
w 128 256 128 288 0
w 256 256 256 288 0
w 128 352 128 384 0
w 256 352 256 384 0
w 256 384 128 384 0
w 128 384 -80 384 0
r -48 176 16 176 0 40
370 32 176 96 176 1 0 0
p -48 128 16 128 3 0 0
w -80 176 -48 176 0
w -48 176 -48 128 0
w 16 128 16 176 0
w 32 176 16 176 0
w 96 176 128 176 0