$ 4 0.000005 10.20027730826997 50 5 43 5e-11
r 176 160 240 160 0 110
r 480 208 480 272 0 40
r 432 320 368 320 0 45
r 288 320 224 320 0 78
v 112 272 112 208 0 0 40 12 0 0 0.5
w 112 208 112 160 0
w 112 160 176 160 0
w 432 160 480 160 0
370 304 160 368 160 1 0 0
p 176 96 240 96 3 0 0
p 528 208 528 272 3 0 0
p 432 368 368 368 3 0 0
p 288 368 224 368 3 0 0
p 48 208 48 272 3 0 0
w 48 208 112 208 0
w 48 272 112 272 0
w 176 96 176 160 0
w 240 96 240 160 0
w 240 160 304 160 0
w 368 160 432 160 0
w 480 160 480 208 0
w 480 208 528 208 0
w 480 272 528 272 0
w 480 272 480 320 0
w 432 320 480 320 0
w 432 368 432 320 0
w 368 368 368 320 0
w 288 320 368 320 0
w 288 368 288 320 0
w 224 368 224 320 0
w 224 320 112 320 0
w 112 320 112 272 0